{
  "advancedEditorSelectedIdentifier" : "ProjectBrowser",
  "openSceneRelativePaths" : [
    "ImmersiveScene.usda"
  ],
  "recentIdentifiers" : {
    "9A09521E-95E8-48B7-87E5-3EAD9DD26AD5" : [

    ]
  },
  "sceneCameraHistory" : {
    "142C0F45-1B0D-421D-8B68-8EBC7F951F5F" : [
      {
        "date" : 750979843.566106,
        "title" : "Untitled",
        "transform" : [
          0.9990077,
          -3.0761305e-10,
          0.044539277,
          0,
          0.022264745,
          0.86608887,
          -0.49939406,
          0,
          -0.038574968,
          0.49989015,
          0.86522937,
          0,
          -0.004740814,
          0.057625074,
          0.12075105,
          1
        ]
      },
      {
        "date" : 750979841.707826,
        "title" : "Untitled",
        "transform" : [
          0.9990077,
          6.2370953e-10,
          0.044539277,
          0,
          0.022264743,
          0.86608887,
          -0.49939406,
          0,
          -0.038574968,
          0.49989015,
          0.86522937,
          0,
          -0.004740809,
          0.05762507,
          0.1207511,
          1
        ]
      },
      {
        "date" : 750979839.983818,
        "title" : "Untitled",
        "transform" : [
          0.9990077,
          6.237095e-10,
          0.044539277,
          0,
          0.022264741,
          0.86608887,
          -0.49939403,
          0,
          -0.038574968,
          0.49989012,
          0.86522937,
          0,
          -0.0153314425,
          0.20541121,
          0.35538065,
          1
        ]
      },
      {
        "date" : 750979838.250595,
        "title" : "Untitled",
        "transform" : [
          0.9990076,
          4.6759774e-10,
          0.044539265,
          0,
          0.02222177,
          0.8666449,
          -0.49843025,
          0,
          -0.03859973,
          0.4989254,
          0.8657848,
          0,
          -0.01107983,
          0.20889969,
          0.36098692,
          1
        ]
      },
      {
        "date" : 750979789.282383,
        "title" : "Untitled",
        "transform" : [
          0.9990077,
          9.590098e-10,
          0.044539258,
          0,
          0.004076591,
          0.99580246,
          -0.0914372,
          0,
          -0.04435231,
          0.09152805,
          0.99481434,
          0,
          1.6333457,
          1.5581061,
          2.5292473,
          1
        ]
      }
    ],
    "90C576A0-F90A-43B8-9998-14918A66F863" : [
      {
        "date" : 750909972.669674,
        "title" : "Untitled",
        "transform" : [
          1,
          0,
          0,
          0,
          0,
          0.7071069,
          -0.70710677,
          0,
          0,
          0.70710677,
          0.7071069,
          0,
          0,
          0.36632016,
          0.36632016,
          1
        ]
      }
    ],
    "9A09521E-95E8-48B7-87E5-3EAD9DD26AD5" : [
      {
        "date" : 750980371.266328,
        "title" : "Untitled",
        "transform" : [
          0.9928534,
          -9.550716e-09,
          0.11934012,
          0,
          0.06103156,
          0.85933775,
          -0.5077537,
          0,
          -0.10255347,
          0.5114085,
          0.85319644,
          0,
          -0.09454789,
          0.5082164,
          0.68843836,
          1
        ]
      },
      {
        "date" : 750980363.847862,
        "title" : "Untitled",
        "transform" : [
          0.9928534,
          1.0196178e-09,
          0.11934016,
          0,
          0.014548777,
          0.9925412,
          -0.12103894,
          0,
          -0.11844998,
          0.12191024,
          0.9854479,
          0,
          -0.15611361,
          0.63053143,
          1.0421921,
          1
        ]
      },
      {
        "date" : 750980157.60955,
        "title" : "Untitled",
        "transform" : [
          0.99879044,
          1.1061712e-09,
          -0.049169593,
          0,
          -0.008966427,
          0.9832324,
          -0.18213652,
          0,
          0.04834516,
          0.18235715,
          0.9820431,
          0,
          0.027256131,
          0.69638675,
          0.9916241,
          1
        ]
      },
      {
        "date" : 750979914.433705,
        "title" : "Untitled",
        "transform" : [
          0.9988096,
          1.2443018e-09,
          -0.04877908,
          0,
          0.0006042678,
          0.9999233,
          0.012373176,
          0,
          0.048775364,
          -0.012387863,
          0.9987329,
          0,
          0.06736404,
          0.27825302,
          0.90473163,
          1
        ]
      },
      {
        "date" : 750979883.625516,
        "title" : "Untitled",
        "transform" : [
          0.9957817,
          1.3236103e-09,
          0.0917542,
          0,
          -0.0041929716,
          0.99895525,
          0.04550506,
          0,
          -0.09165832,
          -0.045697767,
          0.9947414,
          0,
          -0.20423254,
          0.7721597,
          0.9639621,
          1
        ]
      },
      {
        "date" : 750979881.298195,
        "title" : "Untitled",
        "transform" : [
          0.996243,
          1.3236103e-09,
          0.086602084,
          0,
          -0.003957531,
          0.99895525,
          0.04552614,
          0,
          -0.08651158,
          -0.045697767,
          0.9952022,
          0,
          -0.013111204,
          0.3369323,
          2.1018624,
          1
        ]
      },
      {
        "date" : 750979803.965137,
        "title" : "Untitled",
        "transform" : [
          0.996243,
          1.3236103e-09,
          0.086602084,
          0,
          -0.003957531,
          0.99895525,
          0.04552614,
          0,
          -0.08651158,
          -0.045697767,
          0.9952022,
          0,
          -0.47001612,
          3.0319476,
          7.282696,
          1
        ]
      },
      {
        "date" : 750979796.132356,
        "title" : "Untitled",
        "transform" : [
          0.9942142,
          -1.2300228e-09,
          -0.10741671,
          0,
          0.065970995,
          0.78918195,
          0.61060613,
          0,
          0.08477132,
          -0.6141596,
          0.7846158,
          0,
          2.3558247,
          -0.1383931,
          7.513886,
          1
        ]
      },
      {
        "date" : 750979776.417263,
        "title" : "Untitled",
        "transform" : [
          0.9931997,
          -1.2300228e-09,
          -0.11642346,
          0,
          0.071502574,
          0.78918195,
          0.6099831,
          0,
          0.09187928,
          -0.6141596,
          0.78381526,
          0,
          1.4387158,
          0.47438696,
          4.865818,
          1
        ]
      },
      {
        "date" : 750948782.698749,
        "title" : "Untitled",
        "transform" : [
          0.98730135,
          -1.2300228e-09,
          -0.1588589,
          0,
          0.097564705,
          0.78918195,
          0.60636055,
          0,
          0.12536857,
          -0.6141596,
          0.7791604,
          0,
          0.977695,
          0.28180903,
          2.8512723,
          1
        ]
      }
    ]
  },
  "sceneViewportBackgroundColors" : {

  },
  "selectedSceneRelativePath" : "ImmersiveScene.usda"
}